0 10 45 20 67 43 56 30 54 61 45 0 19 23 30 18 45 33 37 34
0 10 65 37 54 20 55 44 33 54 12 35 17 21 23 22 41 34 29 43
22 18 19 18 24 16 19 17 22 15 18 23 14 18 18 17 21 23 18 19
0
0.002 0
0.0013 0.0023 0
0.0013 0.0014 0.0028 0
0.0014 0.002 0.0021 0.0019 0
0.0019 0.003 0.0029 0.0025 0.0029 0
0.0027 0.0012 0.003 0.0009 0.0019 0.003 0
0.0016 0.0014 0.0026 0.0027 0.0027 0.0014 0.0032 0
0.0015 0.0022 0.0032 0.0018 0.0018 0.0023 0.0021 0.0014 0
0.0021 0.0017 0.0016 0.0011 0.0009 0.0007 0.0016 0.0017 0.001 0
0.001 0.0025 0.0019 0.0004 0.0017 0.0016 0.0026 0.0021 0.0012 0.0025 0
0.0018 0.0019 0.0014 0.003 0.0021 0.0018 0.0028 0.0022 0.0012 0.003 0.0015 0
0.002 0.001 0.0017 0.0014 0.0009 0.0011 0.001 0.0026 0.0021 0.0018 0.0026 0.0021 0
0.0022 0.0021 0.0011 0.0013 0.0015 0.0015 0.0018 0.0018 0.0011 0.0016 0.0021 0.0014 0.0022 0
0.0017 0.0011 0.0012 0.0011 0.0012 0.002 0.0022 0.0013 0.0023 0.0029 0.0021 0.0021 0.026 0.002 0
0.0029 0.003 0.0028 0.0022 0.0013 0.0027 0.0014 0.0029 0.0011 0.0023 0.0012 0.0019 0.002 0.0028 0.0026 0
0.0013 0.0014 0.0014 0.0021 0.0011 0.0017 0.0033 0.0018 0.0031 0.0025 0.0016 0.0014 0.0015 0.0021 0.0025 0.0025 0
0.0017 0.0021 0.0023 0.0017 0.0029 0.001 0.0019 0.002 0.0015 0.0017 0.0014 0.0026 0.0022 0.003 0.0019 0.0008 0.0024 0
0.0039 0.0015 0.0029 0.0024 0.0017 0.0024 0.0013 0.0014 0.0021 0.0011 0.0022 0.0014 0.001 0.0008 0.0021 0.0013 0.0016 0.0019 0
0.0027 0.0032 0.0011 0.0029 0.0012 0.0016 0.0035 0.0025 0.0024 0.0023 0.0018 0.0027 0.0009 0.0016 0.0028 0.0019 0.0008 0.0013 0.0018 0
0.22 0.3 0.24 0.33 0.25 0.32 0.31 0.19 0.2 0.26 0.185 0.27 0.286 0.24 0.3 0.245 0.35 0.36 0.05 0.03
0.43 0.39 0.35 0.49 0.3 0.41 0.395 0.36 0.37 0.4 0.33 0.379 0.365 0.4 0.42 0.379 0.389 0.390 0.388 0.370
22 18 19 18 24 16 19 17 22 15 18 23 14 18 18 17 21 23 18 19
15 22 22 27 15 20 15 12 19 16 27 24 30 13 17 24 16 13 12 28
16 28 25 15 28 24 25 19 18 13 17 18 26 19 15 30 28 12 28 13
24 17 21 20 12 18 22 14 17 18 11 29 23 27 15 28 18 15 28 30
14 23 30 20 17 19 21 18 25 13 23 13 20 15 20 29 30 25 30 14
22 19 11 20 15 13 12 26 25 23 16 17 11 16 14 11 11 14 14 26
19 12 27 20 12 15 22 17 18 19 16 14 20 12 15 30 30 11 12 11
15 11 25 12 28 29 16 24 20 30 30 12 15 15 13 17 12 18 21 30
22 29 11 15 18 14 24 23 27 14 27 16 29 11 14 18 15 22 22 28
28 20 25 11 13 17 22 13 14 29 27 22 19 12 13 23 14 15 16 26
29 16 14 12 21 20 14 28 11 11 12 23 30 18 19 16 25 29 25 21
16 11 18 16 20 28 25 12 12 16 20 13 28 20 11 13 26 16 13 25
22 13 13 18 11 19 18 16 30 11 13 22 17 17 28 19 17 14 19 24
27 19 25 11 13 17 22 13 14 29 27 22 19 12 13 23 14 15 15 25
27 20 14 20 19 15 30 28 25 11 29 11 15 17 16 30 12 20 28 19
11 15 22 27 12 29 17 30 13 17 22 13 25 30 13 28 25 24 26 13
23 20 19 26 26 30 13 16 20 23 22 15 18 27 13 18 18 15 24 19
15 22 22 27 15 20 15 13 20 17 28 25 30 13 17 24 16 13 12 28
15 22 22 27 20 20 15 12 19 16 27 24 30 13 17 24 16 13 12 28
26 18 25 11 13 17 22 13 14 29 27 22 19 12 13 23 14 15 14 25
30 12 16 29 16 12 27 21 11 16 13 18 25 29 25 22 12 17 27 30
27 20 25 11 13 17 22 13 14 29 27 22 19 12 13 23 14 15 16 26
14 16 12 18 11 18 11 14 12 27 19 29 14 19 22 20 19 28 13 20
15 21 11 28 13 26 17 13 13 17 27 20 22 18 22 23 14 25 16 19
22 22 22 18 12 25 21 22 14 26 30 20 20 12 11 24 27 26 14 23
26 16 26 16 11 23 27 18 28 14 17 23 17 17 16 12 15 16 14 28
24 24 15 14 28 12 11 30 15 21 20 17 21 15 17 29 20 23 19 18
15 14 25 12 28 29 16 24 20 30 30 12 15 15 13 17 12 18 21 30
15 22 22 27 15 20 15 21 19 16 27 24 30 13 17 24 16 13 12 28


